---Data-XL-Vidio---
081998010228
-----XCP-----
087878236234
081919616056
087844148629
081991815544
087878236229
087869562859
081934486366
087841021324
087749132523
087740975751
087749130781
087747222541
087750370964
087860646501
081927886680
087849937158
085929922839
087822986833
081927411505
085946931603
087715782305
085977868545
085960205234
085961120359
087878236233
087746992654
081775157404
087890474128
087746540881
087795292045
087841023638
087844145856
087826450298
08195481935
087713702493
085962662933
085928046771
----VIDIO----
081953545005
081927463384
087811838710
081993146084
087849081636
087841021629
085955060604
087878230800
087822986840
087810508521
081916494936
087754582715
087762938294
085975434130
081991814459
087891343028
087840464705
081991814727
087895529682
087762773945
087749008852
081991815528
087841023636
087891345527
087749130982
085930080859
081991893790
087749302469
087790846617
087754582616
081932042773
087770207641
087824800283
087822986715
085928159514
087765628004
081997634742
xxx
xxx
xxx
